# vector , matrix , array
z <- c(5,12,13,21,34)
z1 <- z[-1:-3]
z <- c(5,12,13,21,34)
z2 <- z[-3:-1]
